desihub/redrock/py/redrock/tutorials/twopct.ecsv
# %ECSV 0.9
# ---
# datatype:
# - {name: MJD, datatype: float64}
# - {name: EXPTIME, datatype: float64}
# - {name: PROGRAM, datatype: string}
# - {name: PASS, datatype: int32}
# - {name: TILEID, datatype: int32}
# - {name: RA, datatype: float64}
# - {name: DEC, datatype: float64}
# - {name: MOONFRAC, datatype: float64}
# - {name: MOONDIST, datatype: float64}
# - {name: MOONALT, datatype: float64}
# - {name: SEEING, datatype: float64}
# - {name: AIRMASS, datatype: float64}
# meta: !!omap
# - {START: '2019-08-28'}
# - {STOP: '2019-10-01'}
MJD EXPTIME PROGRAM PASS TILEID RA DEC MOONFRAC MOONDIST MOONALT SEEING AIRMASS
[from data line 256]
58748.4042061 2181.71608457 GRAY 4 23640 20.91 -18.06 0.480644173317 81.3876252532 29.4909707416 0.739099300401 1.56208653145
58748.4292383 2042.78256297 GRAY 4 23602 28.0 -15.11 0.480644173317 74.3013515191 37.3411974378 0.76784360423 1.48108075664
58748.4518022 1829.51546455 GRAY 4 23598 31.48 -5.11 0.480644173317 66.8727266611 44.7768794626 0.782441162736 1.28525166859
58748.4788792 2219.454798 GRAY 4 23366 41.84 -17.26 0.480644173317 64.6593819053 51.4933186622 0.777693746417 1.56180448676
58748.4882584 690.366443881 BRIGHT 5 29100 51.1 -16.43 0.480644173317 57.4326045558 59.5052091058 0.779036661779 1.53893600849
58748.4971116 644.917870515 BRIGHT 5 29063 61.25 -16.5 0.480644173317 50.6550949361 62.2467992273 0.774642000335 1.51248966909
58749.1068131 2318.64330673 DARK 1 9429 271.0 74.17 0.372588830776 83.6243250176 -35.9700676978 1.4426862777 1.35344063643
58749.1324354 2093.77337123 DARK 1 5883 271.02 69.1 0.372588830776 88.5656507468 -35.9046208251 1.4562176518 1.27676937819
58749.161209 2311.20003334 DARK 0 448 315.54 9.1 0.372588830776 136.070099088 -34.499295743 1.46624498359 1.13457193487
58749.1960056 2886.4294093 DARK 1 6219 318.33 -4.58 0.372588830776 142.83828609 -31.5121193397 1.45453034631 1.2657177307
58749.2229316 2206.40210305 DARK 0 5488 329.0 2.21 0.372588830776 130.767461307 -26.2053492225 1.47449701362 1.16375207614
58749.2549352 2645.11839899 DARK 0 2372 334.54 -10.19 0.372588830776 131.712000103 -21.0765004106 1.44818448508 1.35282356546
58749.2872074 2668.31457187 DARK 0 2358 342.56 -2.7 0.372588830776 122.013052277 -14.0880822245 1.44132625346 1.21586391189
58749.3241722 2473.75929867 GRAY 4 28598 1.53 10.73 0.372588830776 99.8154846295 -3.14797997383 1.405722033 1.07710834691
58749.3474061 1887.40800788 GRAY 4 28568 1.6 5.43 0.372588830776 102.382842045 3.53215207455 1.38913848574 1.12237522441
58749.375098 2272.58289535 GRAY 4 23670 11.44 -13.15 0.372588830776 100.602327975 9.73770166194 1.40152733045 1.4208942035
58749.402721 2266.62059406 GRAY 4 23652 20.04 -13.09 0.372588830776 93.1526236647 17.4581786695 1.38786884412 1.42266986551
58749.4300131 2238.04218174 GRAY 4 23620 26.82 -10.33 0.372588830776 86.3171421127 25.3661102188 1.38506163146 1.36885636819
58749.4637147 2791.81450747 GRAY 4 23364 38.75 -18.16 0.372588830776 79.5457438864 33.322597583 1.38337688808 1.57210711796
58749.4981919 2858.83526797 GRAY 4 23354 47.15 -17.76 0.372588830776 72.742400916 43.2733943169 1.39463942358 1.57791193663
58750.1159302 3185.60336716 DARK 2 13104 285.32 71.11 0.267261898288 87.2883519097 -33.94550059 1.45952528119 1.29222455853
58750.1226868 463.766990561 BRIGHT 5 30977 269.04 42.57 0.267261898288 110.816462192 -36.6336649719 1.48043625097 1.07521750476
58750.1296756 483.833961739 BRIGHT 5 30976 271.26 40.52 0.267261898288 113.370500487 -36.8161710416 1.47498116754 1.07146814955
58750.1597991 2454.1877002 DARK 1 6242 309.18 -7.62 0.267261898288 163.041534089 -36.9088874445 1.48278926045 1.32626037651
58750.1853331 2086.14271785 DARK 1 5776 323.66 7.49 0.267261898288 142.657641938 -36.1891186946 1.50203360617 1.13465422493
58750.2102424 2032.16405986 DARK 0 31 328.47 9.39 0.267261898288 138.454778286 -34.2084287221 1.49287501984 1.10010227007
58750.2397346 2428.12366376 DARK 0 5490 332.83 5.19 0.267261898288 138.62006981 -31.1876307126 1.50199301919 1.1259262318
58750.2665311 2195.21767957 DARK 0 2357 339.92 -2.71 0.267261898288 137.743629118 -26.4334160691 1.51081299015 1.21708922098
58750.2959874 2425.02542776 DARK 0 2409 346.04 -10.64 0.267261898288 135.872612196 -21.2154281659 1.53269381336 1.35887555915
58750.3187713 1840.58629547 DARK 0 1104 358.3 28.26 0.267261898288 106.544024763 -14.7084520851 1.51309594427 1.00212383587
58750.3483689 2429.28948538 DARK 0 611 5.58 -10.64 0.267261898288 118.549582912 -9.23928909783 1.50634981336 1.35863106188
58750.3805173 2657.61408211 DARK 0 606 13.55 -18.26 0.267261898288 113.816472352 -0.886705296613 1.52150477854 1.56591931476
58750.4102622 2449.96106971 GRAY 4 23639 21.94 -15.54 0.267261898288 105.822658365 7.06440275995 1.52486032456 1.49134567223
58750.4398284 2434.52160105 GRAY 4 23306 31.09 -14.75 0.267261898288 97.619978581 15.3019323448 1.49476206909 1.47538493867
58750.4665512 2188.84627918 GRAY 4 23332 36.65 -6.79 0.267261898288 90.0985825276 23.7478010554 1.48697028276 1.31912461877
58750.4838687 776.234854991 BRIGHT 5 29067 52.06 -10.54 0.267261898288 77.8631566655 33.5646970532 1.47432621114 1.37916543803
58750.5172398 2763.26597537 GRAY 4 23301 60.18 -16.51 0.267261898288 73.54208115 36.6179111405 1.47684852387 1.51666952403
58752.1027536 1605.1782914 DARK 0 2182 276.25 42.58 0.0913647968591 105.143260083 -25.9694225358 1.00039075329 1.02163601053
58752.1214344 1494.02043664 DARK 0 2183 274.04 40.53 0.0913647968591 104.944762444 -30.2124948501 0.989351118659 1.03734038268
58752.1487725 2216.8473078 DARK 1 6241 311.41 -6.12 0.0913647968591 161.066785634 -33.780350031 1.00636647856 1.31646372269
58752.1584725 718.079242026 BRIGHT 5 29338 308.43 1.59 0.0913647968591 153.729548961 -38.1343497401 1.0067247975 1.15966705327
58752.1826648 1970.21730494 DARK 0 926 322.05 -4.51 0.0913647968591 167.247657474 -39.3875938301 0.981784987197 1.27253804556
58752.2069152 1975.23624968 DARK 0 30 329.29 11.9 0.0913647968591 152.870461938 -41.7382205084 0.945844665367 1.08044086145
58752.2325517 2094.99141869 DARK 0 5491 333.68 7.69 0.0913647968591 156.875369213 -42.8610557967 0.963815748181 1.10271033519
58752.2592342 2185.36463517 DARK 0 2391 337.49 -10.42 0.0913647968591 171.688899198 -42.610165873 0.955889982376 1.35391386523
58752.2831459 1945.97623552 DARK 0 2395 344.93 -8.03 0.0913647968591 164.655981953 -40.8066954038 0.964997142038 1.30580852238
58752.3147034 2006.56635884 DARK 1 6372 3.87 -10.61 0.0913647968591 148.210571652 -36.9750309964 0.931142168716 1.36713152479
58752.3371401 1818.52624055 DARK 1 6322 2.43 -2.65 0.0913647968591 147.66915651 -32.8119316595 0.948229458045 1.21823916235
58752.3615551 1989.45750034 DARK 0 613 11.16 -10.65 0.0913647968591 142.055175764 -28.339433291 0.945518938943 1.36159557569
58752.3900502 2341.98230772 DARK 0 602 17.82 -8.02 0.0913647968591 135.532577443 -22.8936739469 0.94213974037 1.31195419898
58752.4158324 2107.58056312 DARK 0 258 26.78 -14.84 0.0913647968591 128.483538383 -15.9495008724 0.958522554858 1.47377993167
58752.4409802 2052.77017484 DARK 0 301 32.96 -13.82 0.0913647968591 122.8254998 -9.25215546668 0.925845694042 1.46042571565
58752.4792153 3183.50805567 DARK 0 1897 39.58 9.01 0.0913647968591 111.153569885 -1.4167402492 0.894358985389 1.1099709149
58752.5113459 2656.0902937 GRAY 4 23302 57.83 -15.05 0.0913647968591 100.237762181 8.4272513225 0.91883210061 1.48425997189
58753.1030576 1710.19999118 DARK 0 2201 274.38 45.17 0.0343809348702 97.2148173641 -19.3492053337 0.816647935246 1.03510405438
58753.1283335 2063.83816101 DARK 0 2199 279.42 49.28 0.0343809348702 98.3724171149 -24.7782068087 0.830248814493 1.06018004062
58753.1620143 2745.41002553 DARK 0 458 315.08 -6.12 0.0343809348702 152.123964126 -30.8441029332 0.827114497381 1.31772579488
58753.1965794 2866.41807556 DARK 0 966 321.04 -11.87 0.0343809348702 157.954878836 -37.97277137 0.772726276478 1.40473109799
58753.2260056 2414.32440708 DARK 0 24 334.67 27.1 0.0343809348702 141.267788291 -43.6742034777 0.778722249201 1.01488227147
58753.2564445 2509.91861773 DARK 0 2376 338.39 -5.37 0.0343809348702 171.970953712 -46.7545470764 0.809250939491 1.25940790064
58753.2864001 2468.17219606 DARK 0 2359 345.22 -2.7 0.0343809348702 172.492258606 -47.815364247 0.785312688091 1.21609245721
58753.3127553 2157.08398204 DARK 1 5903 1.08 0.02 0.0343809348702 161.869873033 -46.5994778766 0.788598482848 1.18105867487
58753.3424383 2444.60844508 DARK 0 597 4.12 -8.0 0.0343809348702 162.436150034 -43.8089289591 0.7983449423 1.30626272215
58753.3756153 2746.49668117 DARK 0 584 13.53 -5.38 0.0343809348702 153.36004397 -39.0811915439 0.798305036355 1.26106348584
58753.4014035 2108.09665697 DARK 0 1617 18.91 5.38 0.0343809348702 145.410879048 -32.30862868 0.815818624221 1.1364310455
58753.4347983 2765.3174439 DARK 1 6043 30.94 -14.39 0.0343809348702 137.86321157 -26.2667611609 0.811762164437 1.46516911672
58753.4792168 3117.75668671 DARK 0 306 42.85 -17.83 0.0343809348702 126.944996381 -15.8908397927 0.782859841285 1.58219219997
58753.515965 3055.03928144 DARK 0 5043 63.57 -14.81 0.0343809348702 107.519481158 -5.29858285477 0.794649815648 1.46300577722
58756.0957825 716.496628307 BRIGHT 5 30044 269.51 27.04 0.0366643749966 70.9221060755 2.62785637278 1.55612626366 1.04426694886
58756.1041156 599.985579175 BRIGHT 5 29569 268.08 35.04 0.0366643749966 72.2838552298 0.0622468756401 1.54551091029 1.0618952353
58756.1126628 618.475832233 BRIGHT 5 30996 273.18 43.03 0.0366643749966 78.6850325156 -1.76926584234 1.56004083728 1.06468779951
58756.1490194 2993.909066 DARK 1 6258 308.94 -4.58 0.0366643749966 103.619312342 -5.16079189912 1.53059610647 1.27121724526
58756.179112 2480.00317877 DARK 0 927 324.2 -2.96 0.0366643749966 118.37603774 -16.2524675734 1.50841738371 1.2558132442
58756.211901 2712.96798219 DARK 0 2351 330.67 -7.31 0.0366643749966 123.441606879 -25.0993725487 1.52374604561 1.30995577994
58756.2495365 3131.70716613 DARK 0 2375 335.66 -5.33 0.0366643749966 128.148935353 -34.5525609733 1.52678501355 1.25810214681
58756.2780517 2343.71247668 DARK 0 2347 346.56 0.0 0.0366643749966 139.200591265 -44.9344553419 1.52999890787 1.17873627519
58756.3099022 2031.88782574 DARK 0 5572 358.5 18.38 0.0366643749966 149.408137364 -53.8304044905 1.54510162762 1.02897244508
58756.3366613 2191.98610611 DARK 0 1583 2.7 0.0 0.0366643749966 153.817964275 -59.130361494 1.54029562875 1.18523906418
58756.3622295 2089.09100897 DARK 0 541 10.77 0.0 0.0366643749966 160.946857629 -63.3231550782 1.53925484008 1.1891730189
58756.3926239 2506.07712538 DARK 0 573 21.59 -12.94 0.0366643749966 158.593241414 -65.1581127195 1.55702205404 1.42096017895
58756.4193141 2186.03132094 DARK 0 1611 24.59 12.69 0.0366643749966 172.717394925 -63.9720913513 1.54645317584 1.08765124841
58756.4563592 3080.69264705 DARK 0 1900 34.55 8.64 0.0366643749966 175.433786839 -60.256331839 1.55045799788 1.11787907658
58756.4693709 1004.21534394 BRIGHT 5 29080 51.61 -13.51 0.0366643749966 150.389344542 -52.4505662593 1.56210608346 1.45184778062
58756.509801 3373.15904171 DARK 0 152 58.28 -18.0 0.0366643749966 142.747128619 -49.2624935019 1.55882548673 1.5737205857
