desihub/redrock/py/redrock/tutorials/twopct.ecsv
# %ECSV 0.9
# ---
# datatype:
# - {name: MJD, datatype: float64}
# - {name: EXPTIME, datatype: float64}
# - {name: PROGRAM, datatype: string}
# - {name: PASS, datatype: int32}
# - {name: TILEID, datatype: int32}
# - {name: RA, datatype: float64}
# - {name: DEC, datatype: float64}
# - {name: MOONFRAC, datatype: float64}
# - {name: MOONDIST, datatype: float64}
# - {name: MOONALT, datatype: float64}
# - {name: SEEING, datatype: float64}
# - {name: AIRMASS, datatype: float64}
# meta: !!omap
# - {START: '2019-08-28'}
# - {STOP: '2019-10-01'}
MJD EXPTIME PROGRAM PASS TILEID RA DEC MOONFRAC MOONDIST MOONALT SEEING AIRMASS
[from data line 129]
58734.4528909 1591.94107394 DARK 0 1646 18.63 13.09 0.717302135788 100.570683385 -27.3890978453 1.37411519522 1.08051271752
58734.4749109 1782.52487106 DARK 0 547 26.67 0.0 0.717302135788 102.731241997 -33.1036285484 1.38302482589 1.20494979245
58734.4982087 1892.93291628 DARK 0 265 35.27 -5.92 0.717302135788 107.742312145 -39.4964431398 1.40049064326 1.29395785084
58734.5070321 642.338987299 BRIGHT 5 29097 44.34 -11.78 0.717302135788 112.503293701 -46.2845344389 1.40103184441 1.41224334361
58735.1224164 759.230329456 BRIGHT 5 30076 261.57 18.11 0.800386449025 51.0593712072 32.9956159369 0.76456857008 1.06034481861
58735.1323067 734.527505576 BRIGHT 5 30077 264.18 19.25 0.800386449025 50.5676486244 33.8159455618 0.763789607896 1.05949790859
58735.1434434 842.202954111 BRIGHT 5 30063 266.84 20.37 0.800386449025 50.1768264996 34.4228112847 0.769086101113 1.05868477051
58735.1553687 910.352485117 BRIGHT 5 30045 269.5 24.23 0.800386449025 52.3621674009 34.8734808265 0.781634559073 1.05126820925
58735.1645458 672.896861933 BRIGHT 5 29549 270.18 33.01 0.800386449025 60.0398531672 35.0761393694 0.790838666405 1.05509395845
58735.1738193 681.233216357 BRIGHT 5 30973 273.68 33.59 0.800386449025 59.473522993 35.0328291398 0.802436583464 1.05401247574
58735.1828192 657.594141893 BRIGHT 5 31012 277.4 43.04 0.800386449025 67.5585585214 34.8133341807 0.808746310994 1.06580935997
58735.1946427 901.550900423 BRIGHT 6 34693 276.1 69.1 0.800386449025 92.8778564302 34.4334219836 0.830549997942 1.30466253574
58735.2665557 693.27783792 BRIGHT 5 28860 331.62 11.35 0.800386449025 50.4353679413 25.7075360075 0.725577401987 1.06941982635
58735.2739752 521.046851488 BRIGHT 5 28858 333.24 16.48 0.800386449025 55.0424127616 24.0128072726 0.71871292013 1.03776206469
58735.2908926 741.66389924 BRIGHT 5 34319 340.03 2.82 0.800386449025 51.6907567124 21.2315542425 0.746798302764 1.14598717011
58735.3005691 716.05001216 BRIGHT 5 31186 343.79 -5.26 0.800386449025 51.0208830063 19.175744142 0.774196274347 1.25724829838
58735.311274 804.900926867 BRIGHT 5 31216 346.77 -12.98 0.800386449025 50.7651389414 17.0937214829 0.77469518877 1.4139438562
58735.3195063 591.272536858 BRIGHT 5 34352 347.57 8.13 0.800386449025 60.5909000171 14.6996052826 0.770335976431 1.0933650377
58735.3299919 785.954060709 BRIGHT 5 31230 352.56 -13.11 0.800386449025 55.8877151723 12.8006974339 0.74618845169 1.41631365364
58735.3402056 762.464723719 BRIGHT 5 31231 355.43 -13.13 0.800386449025 58.4283056817 10.3185076518 0.736044695177 1.41652398475
58735.3562625 667.312200481 BRIGHT 5 31209 1.28 -7.88 0.800386449025 65.4615537328 6.13496641251 0.718767013136 1.30243420726
58735.3664918 763.818326125 BRIGHT 5 31233 1.13 -13.13 0.800386449025 63.4210464902 3.88067400289 0.696775385394 1.41983787619
58735.3760893 709.21867125 BRIGHT 5 29430 6.82 -13.12 0.800386449025 68.5537015825 1.39022470779 0.718008163655 1.41693673779
58735.401867 2107.1981754 DARK 0 582 8.14 -5.35 0.800386449025 72.4191532232 -0.731982195284 0.706782377043 1.2602366464
58735.4273177 2078.9383256 DARK 0 1660 12.84 13.23 0.800386449025 83.8869992665 -8.43517519571 0.706505886382 1.06585632461
58735.4507664 1905.96480469 DARK 0 1597 20.08 2.71 0.800386449025 85.9166324172 -15.4938333397 0.684392007656 1.1644868748
58735.4858696 2912.91899509 DARK 0 1887 26.3 24.55 0.800386449025 99.3818316808 -22.1276989673 0.708914872393 1.02758969185
58735.5270157 2835.02017285 DARK 0 288 41.19 -13.43 0.800386449025 98.0199408105 -34.2354899316 0.672374158838 1.46723031354
58744.1176523 2257.9078468 DARK 1 7965 271.06 45.38 0.849159109296 107.470729629 -19.6572980917 1.27676326788 1.03211036763
58744.1547022 3081.10931041 DARK 0 121 270.0 69.09 0.849159109296 93.7512134462 -12.0642877819 1.27676200658 1.27661997563
58744.2006916 3751.62675568 DARK 0 945 316.02 -12.07 0.849159109296 84.8651707016 -0.689260002355 1.26138720932 1.44910610072
58744.2155281 1161.87694552 BRIGHT 5 29755 321.43 -11.98 0.849159109296 80.2302149067 12.2485603093 1.28253657861 1.3926776795
58744.2276304 925.642000847 BRIGHT 5 29757 325.83 -8.92 0.849159109296 75.5129720523 16.671933396 1.27885769444 1.32470193926
58744.2416289 1089.46635993 BRIGHT 5 29778 329.4 -12.88 0.849159109296 73.1768569058 20.2927071751 1.28520735416 1.41158312943
58744.2557701 1101.80500556 BRIGHT 5 29761 331.65 -11.15 0.849159109296 70.7595443476 24.4858149481 1.30278245201 1.3699394207
58744.2728824 1358.4946237 BRIGHT 5 31159 337.76 -12.21 0.849159109296 65.4477187346 28.7169497992 1.29964445623 1.39428189123
58744.2903636 1390.38250066 BRIGHT 5 31200 343.82 -12.83 0.849159109296 60.2071554675 33.8142926561 1.31238923682 1.40915718801
58744.3050539 1149.2352354 BRIGHT 5 31205 350.33 -7.91 0.849159109296 52.6945538926 38.9724139512 1.31428896157 1.30304961184
58744.319046 1088.91721125 BRIGHT 5 31220 354.24 -10.53 0.849159109296 50.181050713 43.245018296 1.29454700828 1.35638555021
58745.1079142 1496.03018063 DARK 2 13688 272.12 36.25 0.772992420914 116.241892996 -25.0634491688 1.31505731039 1.00669812032
58745.1261485 1455.44366109 DARK 3 19451 271.23 38.43 0.772992420914 115.341587199 -20.4446276577 1.32563895194 1.02600777204
58745.1322281 405.274543512 BRIGHT 5 29546 269.59 37.81 0.772992420914 116.766544922 -15.7238553279 1.30383126783 1.05685066618
58745.1391766 480.357289456 BRIGHT 5 29547 271.66 35.74 0.772992420914 117.077677467 -14.1091729949 1.29598098964 1.05558091617
58745.1678098 2341.98124519 DARK 0 494 312.35 -1.54 0.772992420914 98.0422907141 -12.24149704 1.2731145092 1.24911720377
58745.1769077 666.059493926 BRIGHT 5 29319 313.12 -1.46 0.772992420914 97.6573878605 -2.86017202391 1.303797065 1.2061244067
58745.1860724 671.835190332 BRIGHT 5 29731 316.49 -12.05 0.772992420914 96.9045850252 -0.93365804468 1.28503581616 1.40126827391
58745.196874 813.251794034 BRIGHT 5 29257 318.74 -10.54 0.772992420914 94.5392174812 1.23123423234 1.27948182937 1.36369028825
58745.2054281 619.077907152 BRIGHT 5 29267 322.66 -4.51 0.772992420914 89.4874141743 4.16394457278 1.29117314139 1.24982538801
58745.2147794 687.947520011 BRIGHT 5 29756 323.64 -10.45 0.772992420914 90.0842901763 6.59224757744 1.32011086187 1.35729398242
58745.2245396 723.28563972 BRIGHT 5 29284 326.95 1.63 0.772992420914 84.0688185975 9.29401598855 1.32806554591 1.16064092966
58745.2343224 725.235485914 BRIGHT 5 29777 328.66 -10.18 0.772992420914 85.472468776 12.1458206038 1.32090809179 1.34926848195
58745.2428205 614.232612271 BRIGHT 5 29760 330.86 -8.54 0.772992420914 83.0654350359 15.0274133816 1.32638555181 1.31517084928
58745.2523228 700.996591659 BRIGHT 5 28842 333.05 6.98 0.772992420914 77.2249443468 17.5439146191 1.33206132539 1.10329037005
58745.262814 786.442723991 BRIGHT 5 31162 335.25 -4.69 0.772992420914 78.0457234258 20.3693179919 1.33096263661 1.24715651106
58745.2719507 669.413577228 BRIGHT 5 31202 341.99 -7.78 0.772992420914 72.6078063395 23.4998720187 1.32245333576 1.30080385905
58745.2821997 765.513483757 BRIGHT 5 31166 342.68 -2.6 0.772992420914 70.5560801601 26.2328783 1.31960403908 1.21475955819
58745.2912429 661.330748973 BRIGHT 5 31187 346.49 -5.27 0.772992420914 67.7977938644 29.3028024451 1.31599474167 1.25639353239
58745.3002513 658.326956169 BRIGHT 5 34315 350.62 2.82 0.772992420914 61.6604485165 32.0125570549 1.30292580501 1.14499562935
58745.3094633 675.916163912 BRIGHT 5 31221 357.03 -10.53 0.772992420914 60.0267396703 34.7101983242 1.31543060287 1.35782737263
58745.3255051 666.013181508 BRIGHT 5 31173 1.35 -2.55 0.772992420914 53.2385203629 39.5350985954 1.33543420561 1.21384748152
58745.33437 645.923781192 BRIGHT 5 31193 2.68 -5.22 0.772992420914 53.0573625342 42.2384703934 1.30832180156 1.25531137242
58745.3446029 764.122604719 BRIGHT 5 31222 359.82 -10.52 0.772992420914 57.8581175713 44.8585207138 1.29903258905 1.3671341335
58745.3548964 769.355796579 BRIGHT 5 29420 8.19 -10.51 0.772992420914 50.5950420674 47.8592857784 1.29277413185 1.35690517303
58745.3662242 858.726832282 BRIGHT 5 29435 12.9 -18.25 0.772992420914 51.0839278562 50.84369254 1.30444992214 1.56307917301
58746.0955401 506.413170657 BRIGHT 6 35840 265.36 16.46 0.684490807301 139.497521334 -29.7356656838 1.15223874236 1.06255149924
58746.1025471 485.402204288 BRIGHT 6 35839 265.25 19.25 0.684490807301 137.313917902 -28.2759347298 1.14499816882 1.05980382422
58746.1100057 524.418619434 BRIGHT 7 41601 266.32 19.25 0.684490807301 136.780183998 -26.8110060019 1.12632257755 1.06652927091
58746.1370521 2179.06990722 DARK 0 1582 274.51 71.56 0.684490807301 88.920047712 -25.1972525746 1.16706079242 1.3080225202
58746.1663237 2328.54479817 DARK 0 508 310.02 0.0 0.684490807301 111.574839488 -18.9353624643 1.19471220408 1.21249521191
58746.1877808 1733.88939507 DARK 0 34 323.25 10.28 0.684490807301 96.2095700906 -11.5730520391 1.18549139788 1.11606041426
58746.2123264 2000.7393418 DARK 0 11 326.4 1.37 0.684490807301 96.2737443242 -5.68103204027 1.18349597985 1.18567537878
58746.220047 547.061114259 BRIGHT 5 28845 326.43 11.96 0.684490807301 93.2875823171 1.23761458952 1.18495739702 1.06532236323
58746.2278043 550.234725945 BRIGHT 5 29758 327.99 -7.37 0.684490807301 97.7479934766 3.25861260324 1.20481621011 1.29340188018
58746.2351792 517.186072178 BRIGHT 5 28821 331.8 1.47 0.684490807301 91.6153519178 5.38390472411 1.20038108826 1.16167370979
58746.2429552 551.845755517 BRIGHT 5 28822 332.28 4.41 0.684490807301 90.3676266832 7.44969671924 1.18526257383 1.12795922594
58746.2522606 683.990483406 BRIGHT 5 29742 334.71 -11.79 0.684490807301 92.9838006583 9.65797115622 1.19598467773 1.384418685
58746.261225 654.519954516 BRIGHT 5 31183 339.09 -7.58 0.684490807301 87.714373924 12.329814801 1.20176031865 1.29701138734
58746.2703894 671.808807162 BRIGHT 5 34321 341.98 8.0 0.684490807301 80.4014859508 14.9275952896 1.19310382012 1.09440231209
58746.2788029 606.925869259 BRIGHT 5 31217 345.79 -10.43 0.684490807301 82.5805916334 17.6022478497 1.22030962799 1.3543666976
58746.2873857 621.551457937 BRIGHT 5 34336 346.49 5.5 0.684490807301 77.0224653348 20.071899112 1.2339050725 1.11725843266
58746.2952919 563.097534154 BRIGHT 5 34293 349.3 0.12 0.684490807301 76.0552647922 22.6035138505 1.25157137703 1.17754345992
58746.303623 599.802869994 BRIGHT 5 31190 354.56 -5.25 0.684490807301 72.9438583129 24.9449095282 1.25546029154 1.25586469575
58746.311536 563.687243454 BRIGHT 5 34362 357.03 10.76 0.684490807301 65.815837847 27.420246923 1.25497689426 1.07264450231
58746.3198146 595.271116315 BRIGHT 5 34347 1.28 8.12 0.684490807301 62.5449979949 29.7777157434 1.26038092455 1.09382623086
58746.327451 539.784402957 BRIGHT 5 31153 2.7 0.12 0.684490807301 63.733669438 32.2492094493 1.23572505631 1.17718893253
58746.3361797 634.156565948 BRIGHT 5 31234 3.98 -13.12 0.684490807301 67.7893493144 34.5322821416 1.22886953158 1.41664172167
58746.3437966 538.101314771 BRIGHT 5 31194 5.4 -5.21 0.684490807301 63.3377779199 37.1440850085 1.22144297847 1.25676685731
58746.3524481 627.49158165 BRIGHT 5 29390 8.12 -5.22 0.684490807301 60.9343965493 39.423551361 1.2112403959 1.25696903542
58746.3614193 655.109759321 BRIGHT 5 29421 10.98 -10.52 0.684490807301 60.7631162866 42.0109704526 1.22905165476 1.35843279292
58746.3708918 698.42859001 BRIGHT 5 29434 14.16 -15.7 0.684490807301 60.7162334907 44.6895008526 1.19766441819 1.48778168572
58746.3800679 672.814526506 BRIGHT 5 29426 17.1 -15.67 0.684490807301 58.4049378972 47.5091702816 1.17899770579 1.48785875509
58746.3888879 642.044176985 BRIGHT 5 29374 17.51 -2.57 0.684490807301 51.6749777103 50.227903175 1.16675921132 1.22242981976
58746.3989163 746.456322355 BRIGHT 5 29402 21.99 -18.04 0.684490807301 56.1367909706 52.824471305 1.19940326183 1.56445479497
58746.4095731 800.748896219 BRIGHT 5 29385 25.05 -17.86 0.684490807301 53.8432828082 55.7494827416 1.22187760714 1.56049808513
58746.4198856 770.997077968 BRIGHT 5 29365 28.15 -17.6 0.684490807301 51.5337577053 58.8138368674 1.2072429506 1.55493176395
58747.1166206 2407.24296484 DARK 0 1578 280.19 73.91 0.586004131482 85.1527828647 -33.367403624 0.805779913196 1.34450989102
58747.1341056 1388.97860131 DARK 0 2161 275.71 37.81 0.586004131482 119.499124972 -28.6544467381 0.76441883307 1.0268527343
58747.1604379 2146.12509002 DARK 0 471 315.08 6.12 0.586004131482 116.144338463 -25.3142605453 0.715247257547 1.16893551909
58747.1679879 532.317200019 BRIGHT 5 29307 311.0 -6.03 0.586004131482 125.025415564 -19.6901273959 0.711169149241 1.2743277989
58747.1928831 2030.95082341 DARK 0 66 322.46 17.34 0.586004131482 105.162165889 -17.9655746399 0.683254419148 1.05923288155
58747.2207331 2286.23566185 DARK 0 968 323.99 -12.98 0.586004131482 115.430956932 -11.9857115782 0.664982679633 1.4231282894
58747.2437984 1872.84252926 DARK 0 5509 334.63 2.71 0.586004131482 100.747581737 -3.98749645397 0.675660458385 1.15447515933
58747.2696698 2115.29369744 GRAY 4 25421 338.01 -7.61 0.586004131482 101.415852828 1.65442058703 0.666581749364 1.29822670997
58747.2944582 2021.7134014 GRAY 4 25441 343.73 -7.89 0.586004131482 96.5121779438 8.59880689143 0.684836033234 1.30316699861
58747.3171086 1836.99476337 GRAY 4 25395 350.88 0.09 0.586004131482 87.4023945474 15.6097553103 0.702998740428 1.1796216634
58747.3402848 1882.42233459 GRAY 4 25431 1.6 -5.24 0.586004131482 79.5731890156 22.1600484507 0.676317748821 1.25565083197
58747.3649488 2010.97248107 GRAY 4 23669 8.59 -13.15 0.586004131482 76.6473775133 28.9626556093 0.667614779326 1.41826271851
58747.3908067 2114.12334281 GRAY 4 23664 16.02 -15.7 0.586004131482 71.642103858 36.2780170218 0.66074488249 1.4885511318
58747.4174475 2181.76184987 GRAY 4 23623 23.98 -17.88 0.586004131482 66.4660855833 43.991947293 0.660488643806 1.55827956102
58747.4250172 534.024944293 BRIGHT 5 29380 29.74 -5.22 0.586004131482 55.3043048624 51.9324725051 0.687133475312 1.27150627693
58747.4344781 697.422327927 BRIGHT 5 29090 34.39 -16.83 0.586004131482 58.1109659755 54.176534572 0.691956052926 1.53205568987
58747.4424889 572.131016525 BRIGHT 5 29091 35.25 -14.31 0.586004131482 55.9876609475 56.9665439045 0.665648735523 1.47102915081
58747.452054 706.421491002 BRIGHT 5 29126 39.82 -18.14 0.586004131482 55.1944282262 59.3111566013 0.664970207042 1.57780012176
58747.460699 626.9349847 BRIGHT 5 29127 40.62 -15.53 0.586004131482 52.9450998441 62.0808597814 0.65 1.51081604728
58748.1106191 1968.1411384 DARK 0 3667 270.0 74.17 0.480644173317 84.5466616704 -35.6032831242 0.722066414714 1.35665541169
58748.1324016 1762.00795843 DARK 1 8009 274.71 66.56 0.480644173317 92.0145339423 -33.4124965329 0.732156045488 1.23017406844
58748.1574071 1988.04177999 DARK 0 470 312.89 7.64 0.480644173317 128.419142658 -30.5949956889 0.748823068836 1.13880546489
58748.165308 562.633440852 BRIGHT 5 29321 308.54 -4.49 0.480644173317 138.882854854 -26.5167614525 0.757260396662 1.24477433889
58748.1913456 2129.65231268 DARK 1 6707 317.1 -12.05 0.480644173317 134.134119559 -25.0653821123 0.738903501309 1.40817275565
58748.2122816 1688.87334265 DARK 0 929 326.88 -4.31 0.480644173317 122.773532617 -19.8134891501 0.745695856174 1.25606527712
58748.2309569 1493.54361203 DARK 0 4 335.03 19.88 0.480644173317 104.857159845 -15.1464362581 0.71501353297 1.03408280045
58748.256057 2048.64669504 DARK 0 2371 335.41 -12.69 0.480644173317 118.387312294 -10.7097647931 0.732564542801 1.40809209063
58748.2818047 2104.59932919 DARK 0 2406 341.37 -13.09 0.480644173317 113.376998418 -2.96345793109 0.716836159932 1.41552663057
58748.3056296 1938.47291527 GRAY 4 25468 351.48 -13.13 0.480644173317 104.452118843 2.62301355522 0.714725510719 1.41667593512
58748.3280764 1819.40755488 GRAY 4 25448 2.95 -7.89 0.480644173317 92.3952903573 8.97121185687 0.749453806681 1.30553394902
58748.3525546 1994.91584044 GRAY 4 23668 5.74 -13.15 0.480644173317 92.1087792696 15.2278060093 0.745206993556 1.41770288368
