desihub/redrock/py/redrock/tutorials/twopct.ecsv
# %ECSV 0.9
# ---
# datatype:
# - {name: MJD, datatype: float64}
# - {name: EXPTIME, datatype: float64}
# - {name: PROGRAM, datatype: string}
# - {name: PASS, datatype: int32}
# - {name: TILEID, datatype: int32}
# - {name: RA, datatype: float64}
# - {name: DEC, datatype: float64}
# - {name: MOONFRAC, datatype: float64}
# - {name: MOONDIST, datatype: float64}
# - {name: MOONALT, datatype: float64}
# - {name: SEEING, datatype: float64}
# - {name: AIRMASS, datatype: float64}
# meta: !!omap
# - {START: '2019-08-28'}
# - {STOP: '2019-10-01'}
MJD EXPTIME PROGRAM PASS TILEID RA DEC MOONFRAC MOONDIST MOONALT SEEING AIRMASS
58725.1320436 2031.33285075 DARK 0 1238 264.39 16.15 0.00138437589606 104.880792354 -9.65042806605 1.48514400262 1.03938145173
58725.1583101 2149.42508367 DARK 0 1217 267.12 20.06 0.00138437589606 105.634815261 -16.2940309821 1.4976118985 1.02793026432
58725.1784902 1623.5603433 DARK 0 2184 271.96 38.43 0.00138437589606 101.580582652 -22.9415552805 1.48512612151 1.02004717549
58725.2020758 1917.7999254 DARK 0 2181 278.61 44.59 0.00138437589606 102.588891741 -27.7227594165 1.48914025502 1.03910577061
58725.2350346 2686.71647285 DARK 0 460 310.67 -9.15 0.00138437589606 154.943240733 -32.8471344545 1.44321150983 1.35723565021
58725.272005 3074.24610088 DARK 0 946 318.23 -10.54 0.00138437589606 161.916213769 -38.9018273612 1.41358347103 1.36826611824
58725.2991095 2221.82614283 DARK 0 925 331.51 -9.82 0.00138437589606 173.616169242 -43.6032924538 1.40782795481 1.35247210941
58725.3267117 2264.83253033 DARK 0 2356 337.28 -2.71 0.00138437589606 170.041185383 -45.2522845345 1.4037910965 1.21768171071
58725.3550326 2326.92593447 DARK 0 2408 343.23 -10.61 0.00138437589606 174.876842479 -45.1592607731 1.40401719027 1.35816918625
58725.3805602 2085.58581006 DARK 0 2397 350.4 -8.02 0.00138437589606 167.9129895 -43.218769879 1.40862217196 1.30867914581
58725.4050322 1994.37711414 DARK 0 596 1.37 -7.99 0.00138437589606 158.013016471 -40.0435208018 1.37468288752 1.30566955929
58725.4303878 2070.72623512 DARK 0 623 9.98 -13.25 0.00138437589606 150.686180765 -35.9544675457 1.3462524134 1.42111601574
58725.4516777 1719.44708956 DARK 0 1587 13.44 0.0 0.00138437589606 145.074323809 -30.8677422179 1.38091258461 1.19093170557
58725.4787843 2222.00758443 DARK 0 542 25.89 -17.35 0.00138437589606 136.15644694 -26.0770014303 1.40159330272 1.53736087589
58725.5069475 2313.30541455 DARK 0 300 32.14 -16.38 0.00138437589606 130.609789409 -19.4539753129 1.40368146501 1.51829495086
58727.1230096 1998.97325163 GRAY 4 24303 265.98 14.91 0.0546359471905 82.4120707448 9.55755200749 0.795408761098 1.04663417817
58727.1445741 1743.17239969 GRAY 4 24302 265.87 17.63 0.0546359471905 81.9808070322 2.42915272289 0.779142568954 1.03821964816
58727.1667418 1795.28700216 DARK 0 3492 270.0 26.67 0.0546359471905 85.4485189683 -2.75041515281 0.770950218839 1.01713136089
58727.1888019 1775.85077697 DARK 0 2247 273.68 66.56 0.0546359471905 87.3258743571 -10.7430363521 0.794871453409 1.23149302971
58727.2141038 1983.04588385 DARK 0 479 310.33 -6.13 0.0546359471905 126.096822166 -17.1298941648 0.78372218587 1.31189188431
58727.2222041 579.866241435 BRIGHT 5 29291 311.25 -9.05 0.0546359471905 126.459558285 -24.2876353017 0.784496108489 1.33259714897
58727.245771 1916.18010544 DARK 0 456 319.4 -3.07 0.0546359471905 134.602883656 -26.5296431892 0.809489837247 1.24461618505
58727.2539767 588.97701816 BRIGHT 5 29733 320.95 -9.02 0.0546359471905 135.446640381 -32.8732052866 0.790642964363 1.32821384021
58727.2791534 2055.26698001 DARK 0 951 326.23 -11.25 0.0546359471905 140.13741682 -35.006187987 0.786703387011 1.38158207102
58727.3043291 2055.17883857 DARK 0 2349 332.35 -12.32 0.0546359471905 145.297072457 -41.2287635284 0.788444647731 1.39956292932
58727.3309182 2177.29868574 DARK 0 2390 338.41 -12.94 0.0546359471905 150.298761231 -46.8013372873 0.764785304628 1.41184970854
58727.3562056 2064.83377348 DARK 0 2419 344.28 -13.18 0.0546359471905 154.993961516 -51.6639709386 0.779195712882 1.42075485313
58727.3796216 1903.13658453 DARK 0 621 4.27 -13.25 0.0546359471905 168.068826128 -54.9191434744 0.774010659602 1.43358360094
58727.4001445 1653.18593714 DARK 0 580 2.72 -5.34 0.0546359471905 173.739362295 -56.3939042596 0.789710756323 1.25852783546
58727.4226272 1822.50125192 DARK 0 599 9.6 -8.02 0.0546359471905 173.263767715 -56.3043092532 0.795077920862 1.30720045058
58727.446375 1931.81024246 DARK 0 604 15.72 -13.18 0.0546359471905 166.174492858 -54.7360500084 0.806225520969 1.4243739852
58727.4699708 1918.67419641 DARK 0 554 23.69 -15.2 0.0546359471905 159.826970468 -51.6217603695 0.812468549669 1.47959818258
58727.4931788 1885.17253202 DARK 0 281 29.87 -14.41 0.0546359471905 155.77782989 -47.3665115355 0.799096394852 1.46654265587
58727.5192047 2128.63549716 DARK 0 318 37.54 -17.34 0.0546359471905 148.202593155 -42.3564311755 0.800673474219 1.5560899975
58728.1179538 437.032859169 BRIGHT 5 29542 256.19 24.6 0.122028807563 63.4679647473 13.4277472195 1.09138071433 1.02983215195
58728.1257501 553.59904909 BRIGHT 5 30075 259.01 16.93 0.122028807563 64.1107234769 11.5466661646 1.08221374342 1.05758647322
58728.1462263 1649.14131405 GRAY 4 24281 265.7 26.05 0.122028807563 72.0360013313 9.26892870373 1.08875320027 1.01480073096
58728.1685787 1811.25292321 GRAY 4 24262 271.25 28.02 0.122028807563 77.0928908757 3.33422429146 1.09208622153 1.0158397175
58728.1875653 1520.43778508 DARK 0 2162 273.65 35.75 0.122028807563 80.3237138248 -2.16746704489 1.03812760289 1.03132418541
58728.2141163 2162.82301054 DARK 0 478 312.55 -4.61 0.122028807563 114.134743176 -9.16348253578 1.03242853223 1.29539266038
58728.2227433 625.366244078 BRIGHT 5 29290 313.51 -7.56 0.122028807563 114.357854002 -17.0076713447 1.0224401732 1.30693331409
58728.2512979 2347.12458099 DARK 0 947 320.42 -9.01 0.122028807563 120.787313727 -19.5377322152 1.02233484211 1.35086113619
58728.2754326 1965.23062344 DARK 0 931 328.47 -9.39 0.122028807563 128.056405921 -27.807212998 1.00704921404 1.34872737944
58728.3008376 2074.99365497 DARK 0 2373 333.68 -7.69 0.122028807563 133.030129565 -34.6124002606 1.01672755902 1.30427045398
58728.3250899 1975.40158924 DARK 0 2393 339.41 -7.98 0.122028807563 138.033152647 -41.4917838681 0.993078985405 1.30486121016
58728.3449609 1589.95695542 DARK 0 1055 346.01 30.45 0.122028807563 138.063526862 -47.646388782 1.00804315924 1.00038766933
58728.367572 1833.59938522 DARK 0 2361 350.56 -2.68 0.122028807563 149.245108521 -52.241466848 1.00810403333 1.21747726432
58728.3888984 1722.59934022 DARK 0 560 1.35 -2.67 0.122028807563 159.228391754 -56.7466527944 1.00400913752 1.21542400781
58728.4138631 2036.94957441 DARK 0 622 7.12 -13.25 0.122028807563 157.589201421 -59.9881991028 0.980316414757 1.42110677334
58728.439159 2065.56119488 DARK 0 605 14.66 -15.73 0.122028807563 158.81312562 -62.0732782715 0.959652616105 1.49002397858
58728.4650093 2113.46570385 DARK 0 555 22.77 -17.71 0.122028807563 157.943828157 -61.9180212414 0.972242224711 1.55262119076
58728.4882206 1885.46102067 DARK 0 545 28.49 -9.82 0.122028807563 164.635716958 -59.445677177 0.977629256236 1.35827405077
58728.5120517 1939.00483965 DARK 0 303 36.01 -12.98 0.122028807563 158.339679098 -55.6402543564 0.974383732699 1.4357021723
58729.1173552 460.689813544 BRIGHT 6 35801 257.32 21.59 0.209279568769 54.5403541467 20.6327549731 0.996819606289 1.03745719511
58729.1239652 451.103362054 BRIGHT 5 30059 258.89 19.84 0.209279568769 55.0158749686 18.7882999538 0.973829911155 1.04715465957
58729.1431199 1534.97146073 GRAY 4 24259 265.9 29.06 0.209279568769 64.7609583579 16.9571501429 0.955458805839 1.01069585278
58729.162006 1511.75831453 GRAY 4 24260 268.72 30.03 0.209279568769 67.2725824553 11.5718311428 0.96479284024 1.02031436202
58729.1849984 1863.86378354 GRAY 4 25294 270.41 66.56 0.209279568769 86.0324765113 6.19814907743 0.973555504584 1.24053800756
58729.2127271 2199.507702 DARK 0 495 310.1 -3.08 0.209279568769 97.9916489623 -0.0695632288707 0.960317734139 1.25514629162
58729.2211174 604.920031348 BRIGHT 5 29306 313.26 -4.52 0.209279568769 100.492059492 -8.81743185525 0.946851209725 1.25152680515
58729.2553927 2841.38810386 DARK 0 924 317.73 -7.58 0.209279568769 104.205007257 -11.3000877978 0.956540188715 1.30957703053
58729.2803109 2032.93130564 DARK 0 932 329.29 -11.9 0.209279568769 113.826674608 -21.4409524746 0.941501560806 1.39850854953
58729.3084741 2313.3022732 DARK 0 2355 334.63 -2.71 0.209279568769 120.752922701 -28.7648806517 0.950223976764 1.21791216978
58729.3337079 2060.19985415 DARK 0 2394 342.18 -8.02 0.209279568769 126.229012322 -36.9186238791 0.954566522334 1.30516803512
58729.3602369 2172.103258 DARK 0 2420 347.16 -13.23 0.209279568769 128.585534865 -44.0258284464 0.968177204757 1.42217871315
58729.3791752 1516.27216421 DARK 0 1604 1.35 2.67 0.209279568769 146.622742666 -51.1521199773 0.959935227477 1.146824562
58729.3992808 1617.11766931 DARK 0 1672 0.0 15.83 0.209279568769 145.620658717 -55.8904680914 0.947575364777 1.04784619445
58729.4190203 1585.49306744 DARK 0 1585 8.09 0.0 0.209279568769 151.633848901 -60.4180092469 0.95389010785 1.18582362858
58729.4423078 1892.03839653 DARK 0 1636 12.34 8.03 0.209279568769 157.21785986 -64.09661253 0.951513400409 1.10703143532
58729.4672896 2038.43468577 DARK 0 572 22.51 -10.42 0.209279568769 156.042550676 -66.9568840186 0.968513409742 1.36664128334
58729.491238 1949.14095513 DARK 0 282 30.71 -11.9 0.209279568769 157.716318518 -67.5924126303 0.939102021229 1.40352341927
58729.5176541 2162.35194242 DARK 0 304 38.27 -14.63 0.209279568769 155.505155189 -65.6669208316 0.929450218613 1.47840550547
58730.1234044 1659.19462354 GRAY 4 23789 263.29 31.04 0.309411466132 57.8741617165 28.31836728 0.880808523227 1.00295168867
58730.1449592 1742.3373356 GRAY 4 23788 266.14 32.07 0.309411466132 60.288979274 23.3579389802 0.849270700474 1.01022746344
58730.1668312 1769.74295327 GRAY 4 25211 272.61 33.59 0.309411466132 65.3629945889 17.8478409617 0.860518004818 1.0134168506
58730.1893992 1829.87083681 GRAY 4 25249 278.6 45.18 0.309411466132 75.9096615074 12.0093414714 0.844038379867 1.0432360461
58730.2184608 2382.79820578 GRAY 4 23537 314.64 6.2 0.309411466132 90.9696729728 5.82505212845 0.827877048459 1.14723351608
58730.2439864 2085.41709903 DARK 0 949 324.73 -5.92 0.309411466132 97.5710629596 -1.52392459358 0.790276414193 1.31263277325
58730.2698772 2116.96370447 DARK 0 930 327.66 -6.87 0.309411466132 99.8053626284 -9.99469692098 0.792532211324 1.29868455086
58730.3001057 2491.74021592 DARK 0 2374 332.83 -5.19 0.309411466132 104.841582128 -17.5868406505 0.784530858137 1.25823829146
58730.3340505 2812.83447326 DARK 0 5528 339.41 7.98 0.309411466132 113.908484416 -26.4939025169 0.765848641598 1.09450184026
58730.3604973 2164.99880819 DARK 0 2410 348.84 -10.65 0.309411466132 117.197192035 -36.4647509786 0.74404201763 1.36087292564
58730.3834913 1866.68233204 DARK 0 1624 0.0 5.33 0.309411466132 132.364636729 -44.1302449633 0.745869050342 1.11900093797
58730.4104987 2213.44234067 DARK 0 612 8.37 -10.65 0.309411466132 133.62536224 -50.6423214878 0.750068502216 1.35919365607
58730.4361213 2093.78996707 DARK 0 564 12.11 -2.69 0.309411466132 140.24442499 -57.956265636 0.769458343789 1.22586864905
58730.462922 2195.58085962 DARK 0 567 20.08 -2.71 0.309411466132 146.789563643 -64.2686991462 0.739836362189 1.23010572741
58730.4877881 2028.43342502 DARK 0 550 27.17 -5.19 0.309411466132 150.577378343 -69.5625055643 0.74393419829 1.2803256772
58730.5153388 2260.37437483 DARK 0 286 36.75 -10.28 0.309411466132 152.142773935 -72.2067176788 0.769553506122 1.37707531384
58731.1253687 1905.20812026 GRAY 4 23808 263.8 34.09 0.415588987852 56.8977750788 32.5326896206 1.8099161109 1.00359179821
58731.1575268 2658.45689334 GRAY 4 24283 268.43 24.23 0.415588987852 50.959491463 28.0134949562 1.79047875527 1.01904205912
58731.1919808 2830.17582436 GRAY 4 26719 269.53 71.55 0.415588987852 91.3397082505 20.8546012249 1.81901751048 1.32413056598
58731.2362667 3605.62425564 GRAY 4 23508 315.0 -9.08 0.415588987852 74.3142931866 12.3081349268 1.8277006686 1.36781950486
58731.2685433 2668.69662638 GRAY 4 23996 326.91 -7.39 0.415588987852 85.5946050136 0.74996992535 1.81861677967 1.31248722388
58731.3028629 2845.20923521 DARK 0 5487 333.33 0.0 0.415588987852 93.514257636 -8.76917998386 1.81931977009 1.18186373299
58731.3359501 2738.7407893 DARK 0 5543 343.23 10.61 0.415588987852 105.549563605 -18.6660754261 1.82412625222 1.07413215057
58731.3792634 2422.2654067 DARK 0 1664 1.42 13.24 0.415588987852 122.775992984 -32.411388876 1.75570455234 1.05708429992
58731.4034092 1966.19808026 DARK 0 1623 2.72 5.34 0.415588987852 121.493207953 -41.0385974016 1.74857999134 1.12522010283
58731.4366073 2748.31634675 DARK 0 614 13.96 -10.64 0.415588987852 124.923016544 -48.06514768 1.7292371235 1.36210631853
58731.4663771 2452.10664521 DARK 0 587 21.61 -5.37 0.415588987852 133.597286157 -57.513314208 1.73736344168 1.27149592411
58731.4965387 2485.96879713 DARK 0 1589 27.65 12.32 0.415588987852 145.6081928 -65.4991782157 1.73832409895 1.08595422739
58731.5144051 823.657150476 BRIGHT 5 29114 43.65 -14.54 0.415588987852 141.963257654 -73.6250679317 1.77632304062 1.48132136348
58734.1132993 493.710400752 BRIGHT 5 30040 258.82 22.79 0.717302135788 50.0602742235 34.5566420113 1.2486585991 1.03983841068
58734.1205175 503.656215744 BRIGHT 5 30018 258.82 25.79 0.717302135788 52.8255797934 34.7302995709 1.23653249484 1.04180042884
58734.1282022 543.953680382 BRIGHT 5 30041 261.43 23.93 0.717302135788 50.2253008235 34.8014462364 1.22904435448 1.04672659664
58734.1363062 580.186234644 BRIGHT 5 30042 264.08 25.02 0.717302135788 50.4581966521 34.7600484599 1.210145951 1.04422921997
58734.1445369 591.132895453 BRIGHT 5 30043 266.77 26.05 0.717302135788 50.7743967743 34.58584107 1.2179243111 1.0427356446
58734.1520335 527.708433155 BRIGHT 5 30021 266.96 29.05 0.717302135788 53.6519046762 34.273055972 1.21930365461 1.05009491103
58734.1597457 546.331055967 BRIGHT 5 30022 269.79 30.03 0.717302135788 54.0849418836 33.8709968866 1.2458243883 1.04819925858
58734.1686127 646.112315004 BRIGHT 5 29548 272.74 30.97 0.717302135788 54.6113808657 33.3434603958 1.25637792464 1.04646318154
58734.1756842 490.976361028 BRIGHT 5 30975 273.35 38.43 0.717302135788 61.9598752136 32.5984097008 1.24848666375 1.06128327334
58734.18357 561.330170444 BRIGHT 5 30995 275.3 40.81 0.717302135788 64.1891177096 31.9017645564 1.27357976488 1.06857895974
58734.1943901 814.855570009 BRIGHT 5 32477 274.98 74.18 0.717302135788 97.4791810501 31.0220703422 1.27151416304 1.39582864092
58734.218697 780.122286356 BRIGHT 5 28848 319.65 16.6 0.717302135788 55.6490389418 27.6186536732 1.28807877133 1.04869052792
58734.2340596 607.322014793 BRIGHT 5 29282 322.64 4.69 0.717302135788 50.0532426759 24.7065547092 1.2863979971 1.13102173352
58734.2432494 674.002521151 BRIGHT 5 29283 324.8 3.16 0.717302135788 50.8863310283 23.1598993528 1.26994810327 1.145658648
58734.2520715 642.229568713 BRIGHT 5 29265 326.96 -1.43 0.717302135788 50.2480197881 21.3808980363 1.28359514755 1.20069073182
58734.2608492 638.391511397 BRIGHT 5 29759 330.14 -5.82 0.717302135788 50.9721411818 19.5912074737 1.30581668152 1.26856710378
58734.2733307 958.403953292 BRIGHT 5 29737 329.6 -2.86 0.717302135788 51.7269799956 17.737584633 1.32208893111 1.21816990858
58734.2835413 762.196004792 BRIGHT 5 29740 333.07 -6.77 0.717302135788 53.0263850456 14.9883703128 1.35431713276 1.28206753164
58734.292495 653.595220825 BRIGHT 5 29735 336.91 -9.71 0.717302135788 55.2980066284 12.6509096779 1.33427641002 1.33886679541
58734.302165 715.48875694 BRIGHT 5 31182 339.94 -10.08 0.717302135788 57.8564427411 10.5448379228 1.32104847444 1.3467014321
58734.3106736 615.147451432 BRIGHT 5 31203 344.81 -7.86 0.717302135788 63.0478882396 8.21968955759 1.29331854076 1.30211853085
58734.3192094 617.487109576 BRIGHT 5 31218 348.63 -10.5 0.717302135788 65.5117929488 6.14021712044 1.33606803961 1.35595381244
58734.3282306 659.434965907 BRIGHT 5 31229 349.68 -13.07 0.717302135788 65.4995416957 4.03852266282 1.36289820626 1.41515939398
58734.3365253 596.661383087 BRIGHT 5 31189 351.87 -5.26 0.717302135788 70.2465244868 1.84044078908 1.35236687912 1.25648025353
58734.3646851 2313.0075242 DARK 0 1653 2.79 10.63 0.717302135788 86.5432605822 -0.0605210722658 1.33109825617 1.07911930553
58734.3858753 1710.83264829 DARK 0 118 0.0 20.91 0.717302135788 88.1124720657 -8.1754546912 1.33552766327 1.02473711668
58734.4060881 1626.38778032 DARK 0 1638 6.86 8.01 0.717302135788 88.5694186697 -14.0178670261 1.34055179819 1.10314527132
