desihub/specsim/specsim/data/test/test_extinction.ecsv
# %ECSV 0.9
# ---
# datatype:
# - {name: wavelength, unit: Angstrom, datatype: float64}
# - {name: extinction, datatype: float64}
# meta: !!omap
# - {description: Smooth zenith extinction model for testing.}
wavelength extinction
3516.24975 0.589083844
3548.74925 0.568989136308
3581.24875 0.549787988
3613.74825 0.530542731385
3646.24775 0.512630439077
3678.74725 0.496230076308
3711.24675 0.480413549846
3743.74625 0.464629198462
3776.24575 0.449832384308
3808.74525 0.436025987692
3841.24475 0.422466522462
3873.74425 0.409359984923
3906.24375 0.396893950154
3938.74325 0.385206003077
3971.24275 0.374326328923
4003.74225 0.363726522462
4036.24175 0.352976512308
4068.74125 0.342834428308
4101.24075 0.332883347077
4133.74025 0.323498922462
4166.23975 0.315265968923
4198.73925 0.307859752923
4231.23875 0.299421624615
4263.73825 0.290714698154
4296.23775 0.282612002154
4328.73725 0.275743242462
4361.23675 0.269614021538
4393.73625 0.263488424
4426.23575 0.257346143385
4458.73525 0.251033216615
4491.23475 0.244393699385
4523.73425 0.238194124
4556.23375 0.232608593231
4588.73325 0.227353065538
4621.23275 0.222602309231
4653.73225 0.218300379385
4686.23175 0.213607247077
4718.73125 0.208321067385
4751.23075 0.204610261231
4783.73025 0.202011148
4816.22975 0.198159890154
4848.72925 0.193885042462
4881.22875 0.189705976923
4913.72825 0.186101303692
4946.22775 0.183534809538
4978.72725 0.181441370154
5011.22675 0.179107999068
5043.72625 0.176066494637
5076.22575 0.17302591619
5108.72525 0.170156928571
5141.22475 0.167330698765
5173.72425 0.164991694081
5206.22375 0.163134556563
5238.72325 0.161793957453
5271.22275 0.160761425313
5303.72225 0.159515161538
5336.22175 0.158181776563
5368.72125 0.156668810802
5401.22075 0.155039726006
5433.72025 0.153303800627
5466.21975 0.15165862082
5498.71925 0.150269071429
5531.21875 0.148844492879
5563.71825 0.147835961059
5596.21775 0.147321632915
5628.71725 0.14700679
5661.21675 0.146698533746
5693.71625 0.145987310159
5726.21575 0.145583234494
5758.71525 0.144706111356
5791.21475 0.142413650309
5823.71425 0.138764078769
5856.21375 0.13567486161
5888.71325 0.136502337987
5921.21275 0.133863467677
5953.71225 0.135238096429
5986.21175 0.133664055184
6018.71125 0.132863844695
6051.21075 0.13214485679
6083.71025 0.130106424923
6116.20975 0.127211829231
6148.70925 0.12434741358
6181.20875 0.121862084877
6213.70825 0.119456446462
6246.20775 0.117163020497
6278.70725 0.117208775646
6311.20675 0.115410557394
6343.70625 0.112522717555
6376.20575 0.108975194044
6408.70525 0.106031859259
6441.20475 0.103560105625
6473.70425 0.103334728864
6506.20375 0.0988796878007
6538.70325 0.0962635844631
6571.20275 0.0943619769728
6603.70225 0.0924128228431
6636.20175 0.0915033420561
6668.70125 0.0900293521362
6701.20075 0.0877395043077
6733.70025 0.0854272474769
6766.19975 0.0838421301538
6798.69925 0.0827068301231
6831.19875 0.0816280093846
6863.69825 0.0917199204183
6896.19775 0.092873495206
6928.69725 0.0871950119178
6961.19675 0.0774423046875
6993.69625 0.0793425200326
7026.19575 0.0766266802373
7058.69525 0.0747140975248
7091.19475 0.0735861470192
7123.69425 0.0719880181646
7156.19375 0.0770659429677
7188.69325 0.130439966571
7221.19275 0.0766093474476
7253.69225 0.0898576137037
7286.19175 0.089523995342
7318.69125 0.0804146469707
7351.19075 0.0699191371336
7383.69025 0.067391227
7416.18975 0.0646952834528
7448.68925 0.0633633750943
7481.18875 0.0629517158204
7513.68825 0.0626563787539
7546.18775 0.0611832661231
7578.68725 0.0590717166779
7611.18675 0.78599791271
7643.68625 0.419281846857
7676.18575 0.0619347906977
7708.68525 0.0565222512745
7741.18475 0.0554523328105
7773.68425 0.0550461104334
7806.18375 0.054970046192
7838.68325 0.0546934990909
7871.18275 0.0546862755446
7903.68225 0.0547534697917
7936.18175 0.0524440202509
7968.68125 0.0542236467003
8001.18075 0.0538107205921
8033.68025 0.0546608671795
8066.17975 0.0520665100952
8098.67925 0.0554215682315
8131.17875 0.068014027557
8163.67825 0.0985352172039
8196.17775 0.0609984594326
8228.67725 0.0672095558333
8261.17675 0.0537477080282
8293.67625 0.0533413521852
8326.17575 0.0539901265942
8358.67525 0.0517693966897
8391.17475 0.0511540550164
8423.67425 0.0495098524573
8456.17375 0.0485517653846
8488.67325 0.049166322375
8521.17275 0.047891065114
8553.67225 0.0478935063291
8586.17175 0.0464119312618
8618.67125 0.0459045652012
8651.17075 0.0461599942769
8683.67025 0.0451920715077
8716.16975 0.0440293704615
8748.66925 0.0437415158951
8781.16875 0.043083746375
8813.66825 0.0433534001558
8846.16775 0.0419669442857
8878.66725 0.0415415389508
8911.16675 0.0407192676978
8943.66625 0.0562795375884
8976.16575 0.116482771197
9008.66525 0.0673268772664
9041.16475 0.0517928440264
9073.66425 0.0757646862034
9106.16375 0.0912375830255
9138.66325 0.0937660935714
9171.16275 0.0835075126821
9203.66225 0.0438307560563
9236.16175 0.0566179048387
9268.66125 0.060447472093
9301.16075 0.181594307224
9333.66025 0.564893559188
9366.15975 0.613431189811
9398.65925 0.166989937475
9431.15875 0.383924442669
9463.65825 0.28962998854
9496.15775 0.23605036061
9528.65725 0.235330401104
9561.15675 0.214168818917
9593.65625 0.231365130745
9626.15575 0.150483799299
9658.65525 0.105580826634
9691.15475 0.0440663114984
9723.65425 0.0399836981884
9756.15375 0.0461021284615
9788.65325 0.0412421917082
9821.15275 0.0340392152824
9853.65225 0.0294047285948
9886.15175 0.027360218268
9918.65125 0.0257249805502
9951.15075 0.0243922632143
9983.65025 0.0241117362838
