desihub/specsim/specsim/data/test/test_sky.ecsv
# %ECSV 0.9
# ---
# datatype:
# - {name: wavelength, unit: Angstrom, datatype: float64}
# - {name: flux, unit: erg / (Angstrom arcsec2 cm2 s), datatype: float64}
# meta: !!omap
# - {description: Smooth dark sky emission model for testing.}
wavelength flux
3516.24975 1.82767784615e-17
3548.74925 2.27178061538e-17
3581.24875 1.46851891304e-17
3613.74825 1.46167110769e-17
3646.24775 1.74084003077e-17
3678.74725 1.451958e-17
3711.24675 1.52165963077e-17
3743.74625 1.29195963077e-17
3776.24575 1.3962744582e-17
3808.74525 1.32677012308e-17
3841.24475 1.32032324074e-17
3873.74425 1.05571574534e-17
3906.24375 1.62045685535e-17
3938.74325 1.28900803077e-17
3971.24275 1.23160513846e-17
4003.74225 1.50129163077e-17
4036.24175 1.55893030769e-17
4068.74125 1.43574181538e-17
4101.24075 1.33938298462e-17
4133.74025 1.46250324074e-17
4166.23975 1.68583446154e-17
4198.73925 1.50800458204e-17
4231.23875 1.45548461538e-17
4263.73825 1.46954329231e-17
4296.23775 1.33304686154e-17
4328.73725 1.38155809231e-17
4361.23675 1.44567857143e-17
4393.73625 1.53251095385e-17
4426.23575 1.74188923077e-17
4458.73525 1.6034941358e-17
4491.23475 1.68293107692e-17
4523.73425 1.70407784615e-17
4556.23375 1.76640184615e-17
4588.73325 1.670916e-17
4621.23275 1.71737815385e-17
4653.73225 1.61990246154e-17
4686.23175 1.64899138462e-17
4718.73125 1.62821938462e-17
4751.23075 1.56765076923e-17
4783.73025 1.63427969231e-17
4816.22975 1.47737569231e-17
4848.72925 1.38503767081e-17
4881.22875 1.3550968e-17
4913.72825 1.27666504644e-17
4946.22775 1.09103728972e-17
4978.72725 1.19031843077e-17
5011.22675 1.11699876923e-17
5043.72625 1.04310787692e-17
5076.22575 9.93820861538e-18
5108.72525 9.98005753846e-18
5141.22475 1.03983950769e-17
5173.72425 9.59208746082e-18
5206.22375 1.00903659091e-17
5238.72325 9.73729093851e-18
5271.22275 9.84382095238e-18
5303.72225 1.04130760125e-17
5336.22175 1.02828732087e-17
5368.72125 1.04643418462e-17
5401.22075 1.005094e-17
5433.72025 9.95809415385e-18
5466.21975 1.04443236923e-17
5498.71925 1.0852648e-17
5531.21875 1.06408919872e-17
5563.71825 1.14195030508e-17
5596.21775 1.08950915584e-17
5628.71725 1.0461999359e-17
5661.21675 9.81308754098e-18
5693.71625 1.050322e-17
5726.21575 1.05974286154e-17
5758.71525 1.08052176471e-17
5791.21475 9.96075943396e-18
5823.71425 1.11144073846e-17
5856.21375 1.10300539792e-17
5888.71325 1.23776467354e-17
5921.21275 1.28636380952e-17
5953.71225 1.238434e-17
5986.21175 1.30070620915e-17
6018.71125 1.14024801325e-17
6051.21075 1.15563589172e-17
6083.71025 1.08885941558e-17
6116.20975 1.11714255385e-17
6148.70925 1.10773786667e-17
6181.20875 1.09137763158e-17
6213.70825 1.07723116838e-17
6246.20775 1.13775034091e-17
6278.70725 1.16540713287e-17
6311.20675 1.23879727891e-17
6343.70625 1.21840883162e-17
6376.20575 1.279333e-17
6408.70525 1.17218128378e-17
6441.20475 1.23042746835e-17
6473.70425 1.22421482394e-17
6506.20375 1.1823959589e-17
6538.70325 1.15071408935e-17
6571.20275 1.22843526846e-17
6603.70225 1.17077309524e-17
6636.20175 1.13932061093e-17
6668.70125 7.49840035088e-18
6701.20075 8.54001521036e-18
6733.70025 8.96411242236e-18
6766.19975 8.07315588235e-18
6798.69925 8.11906258065e-18
6831.19875 8.35051111111e-18
6863.69825 8.0516124183e-18
6896.19775 7.94673993399e-18
6928.69725 8.21566345515e-18
6961.19675 8.57829636964e-18
6993.69625 8.57588311688e-18
7026.19575 7.87824757282e-18
7058.69525 9.6516399361e-18
7091.19475 8.46309830508e-18
7123.69425 8.08743627451e-18
7156.19375 9.37619476923e-18
7188.69325 8.06430599369e-18
7221.19275 7.97697468354e-18
7253.69225 9.46678252788e-18
7286.19175 9.63167398649e-18
7318.69125 8.05209466192e-18
7351.19075 8.73521912752e-18
7383.69025 8.35988926174e-18
7416.18975 7.63734397163e-18
7448.68925 7.61864280702e-18
7481.18875 8.43286729323e-18
7513.68825 7.72878919861e-18
7546.18775 7.69917944251e-18
7578.68725 7.44340797101e-18
7611.18675 5.30073496732e-18
7643.68625 6.59473974359e-18
7676.18575 7.663525e-18
7708.68525 9.94944699647e-18
7741.18475 1.0125828866e-17
7773.68425 9.07740742049e-18
7806.18375 1.01123781457e-17
7838.68325 8.9162025e-18
7871.18275 9.18177249071e-18
7903.68225 1.11959255814e-17
7936.18175 1.06009517241e-17
7968.68125 7.95834981818e-18
8001.18075 9.79758065574e-18
8033.68025 9.06852482993e-18
8066.17975 7.65394693141e-18
8098.67925 7.98593174061e-18
8131.17875 8.15727193548e-18
8163.67825 7.27301278689e-18
8196.17775 7.124944e-18
8228.67725 7.05018250825e-18
8261.17675 7.30548193548e-18
8293.67625 1.03171189781e-17
8326.17575 6.93949722222e-18
8358.67525 7.74092369478e-18
8391.17475 7.13117851852e-18
8423.67425 7.5243322807e-18
8456.17375 6.93312020202e-18
8488.67325 6.30043071429e-18
8521.17275 6.29810232558e-18
8553.67225 3.59238178808e-18
8586.17175 3.25735365854e-18
8618.67125 4.95740632411e-18
8651.17075 2.41766691781e-17
8683.67025 9.19816756757e-18
8716.16975 8.07510780142e-18
8748.66925 7.57677818182e-18
8781.16875 7.58719673469e-18
8813.66825 7.445268e-18
8846.16775 1.06739037288e-17
8878.66725 7.18517164179e-18
8911.16675 8.06791211073e-18
8943.66625 9.25835948553e-18
8976.16575 8.02928477509e-18
9008.66525 6.04793127148e-18
9041.16475 6.46176472603e-18
9073.66425 7.48959019608e-18
9106.16375 6.66874745763e-18
9138.66325 7.52610682594e-18
9171.16275 7.2315047619e-18
9203.66225 6.15614294872e-18
9236.16175 8.28758333333e-18
9268.66125 5.90474740484e-18
9301.16075 6.26929274194e-18
9333.66025 5.56175805243e-18
9366.15975 1.382436875e-17
9398.65925 6.59314559387e-18
9431.15875 7.84932431507e-18
9463.65825 6.36142e-18
9496.15775 7.16612432432e-18
9528.65725 6.75076867925e-18
9561.15675 6.00699671533e-18
9593.65625 5.78051548387e-18
9626.15575 7.49831731449e-18
9658.65525 1.44219834437e-17
9691.15475 1.08366405018e-17
9723.65425 9.95728395904e-18
9756.15375 6.33803716109e-18
9788.65325 7.92578539326e-18
9821.15275 2.04428289389e-17
9853.65225 7.57018847458e-18
9886.15175 9.29415526316e-18
9918.65125 6.67606147003e-18
9951.15075 2.54376694444e-17
9983.65025 9.98915193798e-18
